alpha_omega = 0.300001
beta = 1.16491
beta_omega = 2.0746
kappa = 1.91148
phiA = 0.289562
phiC = 0.184755
phiG = 0.180137