beta = 1.55174
kappa = 1.72261
omega = 0.110006
phiA = 0.289154
phiC = 0.186469
phiG = 0.179577