beta = 1.1e-05
kappa = 1.81244
omega = 0.0984338
phiA = 0.286326
phiC = 0.180102
phiG = 0.185851