beta = 1.59965
kappa = 1.77994
omega = 0.0994745
phiA = 0.290591
phiC = 0.186945
phiG = 0.177534