beta = 1.1e-05
kappa = 1.75513
omega = 0.108825
phiA = 0.285002
phiC = 0.17993
phiG = 0.187571