alpha_omega = 0.325979
beta = 1.77631
beta_omega = 0.981517
kappa = 2.15913
phiA = 0.29842
phiC = 0.187935
phiG = 0.173648