beta = 2.03293
kappa = 1.77629
omega = 0.194134
phiA = 0.298298
phiC = 0.18792
phiG = 0.172237