beta = 1.48605
kappa = 1.76013
omega = 0.232169
phiA = 0.272139
phiC = 0.175147
phiG = 0.156856