kappa = 1.63124
omega = 0.0565215
phi0A = 0.263253
phi0C = 0.131889
phi0G = 0.272712
phi1A = 0.33209
phi1C = 0.251693
phi1G = 0.175558
phi2A = 0.26229
phi2C = 0.162366
phi2G = 0.104536