beta = 1.1e-05
kappa = 2.19715
omega = 0.0714234
phiA = 0.287239
phiC = 0.182244
phiG = 0.187164