beta = 1.55825
kappa = 2.16786
omega = 0.0724892
phiA = 0.29134
phiC = 0.188957
phiG = 0.179003