beta = 1.30472
kappa = 2.18326
omega = 0.115387
phiA = 0.299727
phiC = 0.190359
phiG = 0.178087