beta = 1.27652
kappa = 2.20156
omega = 0.148401
phiA = 0.277803
phiC = 0.178737
phiG = 0.162616