alpha_omega = 0.300001
beta_omega = 4.24686
kappa = 2.07226
phi0A = 0.267024
phi0C = 0.132904
phi0G = 0.276232
phi1A = 0.328254
phi1C = 0.262333
phi1G = 0.163583
phi2A = 0.264298
phi2C = 0.157748
phi2G = 0.11722